image_path,label
C:\Users\HishamMo\Desktop\999_cs\Quantum_Inpired_PSO_Classifcation\MRI_dataset\Optic Glioma\Optic_Glioma001.jpg,Optic Glioma
C:\Users\HishamMo\Desktop\999_cs\Quantum_Inpired_PSO_Classifcation\MRI_dataset\Optic Glioma\Optic_Glioma002.jpg,Optic Glioma
C:\Users\HishamMo\Desktop\999_cs\Quantum_Inpired_PSO_Classifcation\MRI_dataset\Optic Glioma\Optic_Glioma003.jpg,Optic Glioma
C:\Users\HishamMo\Desktop\999_cs\Quantum_Inpired_PSO_Classifcation\MRI_dataset\Optic Glioma\Optic_Glioma004.jpg,Optic Glioma
C:\Users\HishamMo\Desktop\999_cs\Quantum_Inpired_PSO_Classifcation\MRI_dataset\Optic Glioma\Optic_Glioma005.jpg,Optic Glioma
C:\Users\HishamMo\Desktop\999_cs\Quantum_Inpired_PSO_Classifcation\MRI_dataset\Optic Glioma\Optic_Glioma006.jpg,Optic Glioma
C:\Users\HishamMo\Desktop\999_cs\Quantum_Inpired_PSO_Classifcation\MRI_dataset\Optic Glioma\Optic_Glioma007.jpg,Optic Glioma
C:\Users\HishamMo\Desktop\999_cs\Quantum_Inpired_PSO_Classifcation\MRI_dataset\Optic Glioma\Optic_Glioma008.jpg,Optic Glioma
C:\Users\HishamMo\Desktop\999_cs\Quantum_Inpired_PSO_Classifcation\MRI_dataset\Optic Glioma\Optic_Glioma009.jpg,Optic Glioma
C:\Users\HishamMo\Desktop\999_cs\Quantum_Inpired_PSO_Classifcation\MRI_dataset\Optic Glioma\Optic_Glioma010.jpg,Optic Glioma
C:\Users\HishamMo\Desktop\999_cs\Quantum_Inpired_PSO_Classifcation\MRI_dataset\Optic Glioma\Optic_Glioma011.jpg,Optic Glioma
C:\Users\HishamMo\Desktop\999_cs\Quantum_Inpired_PSO_Classifcation\MRI_dataset\Optic Glioma\Optic_Glioma012.jpg,Optic Glioma
C:\Users\HishamMo\Desktop\999_cs\Quantum_Inpired_PSO_Classifcation\MRI_dataset\Optic Glioma\Optic_Glioma013.jpg,Optic Glioma
C:\Users\HishamMo\Desktop\999_cs\Quantum_Inpired_PSO_Classifcation\MRI_dataset\Optic Glioma\Optic_Glioma014.jpg,Optic Glioma
C:\Users\HishamMo\Desktop\999_cs\Quantum_Inpired_PSO_Classifcation\MRI_dataset\Optic Glioma\Optic_Glioma015.jpg,Optic Glioma
C:\Users\HishamMo\Desktop\999_cs\Quantum_Inpired_PSO_Classifcation\MRI_dataset\Optic Glioma\Optic_Glioma016.jpg,Optic Glioma
C:\Users\HishamMo\Desktop\999_cs\Quantum_Inpired_PSO_Classifcation\MRI_dataset\Optic Glioma\Optic_Glioma017.jpg,Optic Glioma
C:\Users\HishamMo\Desktop\999_cs\Quantum_Inpired_PSO_Classifcation\MRI_dataset\Optic Glioma\Optic_Glioma018.jpg,Optic Glioma
C:\Users\HishamMo\Desktop\999_cs\Quantum_Inpired_PSO_Classifcation\MRI_dataset\Optic Glioma\Optic_Glioma019.jpg,Optic Glioma
C:\Users\HishamMo\Desktop\999_cs\Quantum_Inpired_PSO_Classifcation\MRI_dataset\Optic Glioma\Optic_Glioma020.jpg,Optic Glioma
C:\Users\HishamMo\Desktop\999_cs\Quantum_Inpired_PSO_Classifcation\MRI_dataset\Optic Glioma\Optic_Glioma021.jpg,Optic Glioma
C:\Users\HishamMo\Desktop\999_cs\Quantum_Inpired_PSO_Classifcation\MRI_dataset\Optic Glioma\Optic_Glioma022.jpg,Optic Glioma
C:\Users\HishamMo\Desktop\999_cs\Quantum_Inpired_PSO_Classifcation\MRI_dataset\Optic Glioma\Optic_Glioma023.jpg,Optic Glioma
C:\Users\HishamMo\Desktop\999_cs\Quantum_Inpired_PSO_Classifcation\MRI_dataset\Optic Glioma\Optic_Glioma024.jpg,Optic Glioma
C:\Users\HishamMo\Desktop\999_cs\Quantum_Inpired_PSO_Classifcation\MRI_dataset\Optic Glioma\Optic_Glioma025.jpg,Optic Glioma
C:\Users\HishamMo\Desktop\999_cs\Quantum_Inpired_PSO_Classifcation\MRI_dataset\Optic Glioma\Optic_Glioma026.jpg,Optic Glioma
C:\Users\HishamMo\Desktop\999_cs\Quantum_Inpired_PSO_Classifcation\MRI_dataset\Optic Glioma\Optic_Glioma027.jpg,Optic Glioma
C:\Users\HishamMo\Desktop\999_cs\Quantum_Inpired_PSO_Classifcation\MRI_dataset\Optic Glioma\Optic_Glioma028.jpg,Optic Glioma
C:\Users\HishamMo\Desktop\999_cs\Quantum_Inpired_PSO_Classifcation\MRI_dataset\Optic Glioma\Optic_Glioma029.jpg,Optic Glioma
C:\Users\HishamMo\Desktop\999_cs\Quantum_Inpired_PSO_Classifcation\MRI_dataset\Optic Glioma\Optic_Glioma030.jpg,Optic Glioma
C:\Users\HishamMo\Desktop\999_cs\Quantum_Inpired_PSO_Classifcation\MRI_dataset\Optic Glioma\Optic_Glioma031.jpg,Optic Glioma
C:\Users\HishamMo\Desktop\999_cs\Quantum_Inpired_PSO_Classifcation\MRI_dataset\Optic Glioma\Optic_Glioma032.jpg,Optic Glioma
C:\Users\HishamMo\Desktop\999_cs\Quantum_Inpired_PSO_Classifcation\MRI_dataset\Optic Glioma\Optic_Glioma033.jpg,Optic Glioma
C:\Users\HishamMo\Desktop\999_cs\Quantum_Inpired_PSO_Classifcation\MRI_dataset\Optic Glioma\Optic_Glioma034.jpg,Optic Glioma
C:\Users\HishamMo\Desktop\999_cs\Quantum_Inpired_PSO_Classifcation\MRI_dataset\Optic Glioma\Optic_Glioma035.jpg,Optic Glioma
C:\Users\HishamMo\Desktop\999_cs\Quantum_Inpired_PSO_Classifcation\MRI_dataset\Optic Glioma\Optic_Glioma036.jpg,Optic Glioma
C:\Users\HishamMo\Desktop\999_cs\Quantum_Inpired_PSO_Classifcation\MRI_dataset\Optic Glioma\Optic_Glioma037.jpg,Optic Glioma
C:\Users\HishamMo\Desktop\999_cs\Quantum_Inpired_PSO_Classifcation\MRI_dataset\Optic Glioma\Optic_Glioma038.jpg,Optic Glioma
C:\Users\HishamMo\Desktop\999_cs\Quantum_Inpired_PSO_Classifcation\MRI_dataset\Optic Glioma\Optic_Glioma039.jpg,Optic Glioma
C:\Users\HishamMo\Desktop\999_cs\Quantum_Inpired_PSO_Classifcation\MRI_dataset\Optic Glioma\Optic_Glioma040.jpg,Optic Glioma
C:\Users\HishamMo\Desktop\999_cs\Quantum_Inpired_PSO_Classifcation\MRI_dataset\Optic Glioma\Optic_Glioma041.jpg,Optic Glioma
C:\Users\HishamMo\Desktop\999_cs\Quantum_Inpired_PSO_Classifcation\MRI_dataset\Optic Glioma\Optic_Glioma042.jpg,Optic Glioma
C:\Users\HishamMo\Desktop\999_cs\Quantum_Inpired_PSO_Classifcation\MRI_dataset\Optic Glioma\Optic_Glioma043.jpg,Optic Glioma
C:\Users\HishamMo\Desktop\999_cs\Quantum_Inpired_PSO_Classifcation\MRI_dataset\Optic Glioma\Optic_Glioma044.jpg,Optic Glioma
C:\Users\HishamMo\Desktop\999_cs\Quantum_Inpired_PSO_Classifcation\MRI_dataset\Optic Glioma\Optic_Glioma045.jpg,Optic Glioma
C:\Users\HishamMo\Desktop\999_cs\Quantum_Inpired_PSO_Classifcation\MRI_dataset\Optic Glioma\Optic_Glioma046.jpg,Optic Glioma
C:\Users\HishamMo\Desktop\999_cs\Quantum_Inpired_PSO_Classifcation\MRI_dataset\Optic Glioma\Optic_Glioma047.jpg,Optic Glioma
C:\Users\HishamMo\Desktop\999_cs\Quantum_Inpired_PSO_Classifcation\MRI_dataset\Optic Glioma\Optic_Glioma048.jpg,Optic Glioma
C:\Users\HishamMo\Desktop\999_cs\Quantum_Inpired_PSO_Classifcation\MRI_dataset\Optic Glioma\Optic_Glioma049.jpg,Optic Glioma
C:\Users\HishamMo\Desktop\999_cs\Quantum_Inpired_PSO_Classifcation\MRI_dataset\Optic Glioma\Optic_Glioma050.jpg,Optic Glioma
C:\Users\HishamMo\Desktop\999_cs\Quantum_Inpired_PSO_Classifcation\MRI_dataset\Optic Glioma\Optic_Glioma051.jpg,Optic Glioma
C:\Users\HishamMo\Desktop\999_cs\Quantum_Inpired_PSO_Classifcation\MRI_dataset\Optic Glioma\Optic_Glioma052.jpg,Optic Glioma
C:\Users\HishamMo\Desktop\999_cs\Quantum_Inpired_PSO_Classifcation\MRI_dataset\Optic Glioma\Optic_Glioma053.jpg,Optic Glioma
C:\Users\HishamMo\Desktop\999_cs\Quantum_Inpired_PSO_Classifcation\MRI_dataset\Optic Glioma\Optic_Glioma054.jpg,Optic Glioma
C:\Users\HishamMo\Desktop\999_cs\Quantum_Inpired_PSO_Classifcation\MRI_dataset\Optic Glioma\Optic_Glioma055.jpg,Optic Glioma
C:\Users\HishamMo\Desktop\999_cs\Quantum_Inpired_PSO_Classifcation\MRI_dataset\Optic Glioma\Optic_Glioma056.jpg,Optic Glioma
C:\Users\HishamMo\Desktop\999_cs\Quantum_Inpired_PSO_Classifcation\MRI_dataset\Optic Glioma\Optic_Glioma057.jpg,Optic Glioma
C:\Users\HishamMo\Desktop\999_cs\Quantum_Inpired_PSO_Classifcation\MRI_dataset\Optic Glioma\Optic_Glioma058.jpg,Optic Glioma
C:\Users\HishamMo\Desktop\999_cs\Quantum_Inpired_PSO_Classifcation\MRI_dataset\Optic Glioma\Optic_Glioma059.jpg,Optic Glioma
C:\Users\HishamMo\Desktop\999_cs\Quantum_Inpired_PSO_Classifcation\MRI_dataset\Optic Glioma\Optic_Glioma060.jpg,Optic Glioma
C:\Users\HishamMo\Desktop\999_cs\Quantum_Inpired_PSO_Classifcation\MRI_dataset\Optic Glioma\Optic_Glioma061.jpg,Optic Glioma
C:\Users\HishamMo\Desktop\999_cs\Quantum_Inpired_PSO_Classifcation\MRI_dataset\Optic Glioma\Optic_Glioma062.jpg,Optic Glioma
C:\Users\HishamMo\Desktop\999_cs\Quantum_Inpired_PSO_Classifcation\MRI_dataset\Optic Glioma\Optic_Glioma063.jpg,Optic Glioma
C:\Users\HishamMo\Desktop\999_cs\Quantum_Inpired_PSO_Classifcation\MRI_dataset\Optic Glioma\Optic_Glioma064.jpg,Optic Glioma
C:\Users\HishamMo\Desktop\999_cs\Quantum_Inpired_PSO_Classifcation\MRI_dataset\Optic Glioma\Optic_Glioma065.jpg,Optic Glioma
C:\Users\HishamMo\Desktop\999_cs\Quantum_Inpired_PSO_Classifcation\MRI_dataset\Optic Glioma\Optic_Glioma066.jpg,Optic Glioma
C:\Users\HishamMo\Desktop\999_cs\Quantum_Inpired_PSO_Classifcation\MRI_dataset\Optic Glioma\Optic_Glioma067.jpg,Optic Glioma
C:\Users\HishamMo\Desktop\999_cs\Quantum_Inpired_PSO_Classifcation\MRI_dataset\Optic Glioma\Optic_Glioma068.jpg,Optic Glioma
C:\Users\HishamMo\Desktop\999_cs\Quantum_Inpired_PSO_Classifcation\MRI_dataset\Optic Glioma\Optic_Glioma069.jpg,Optic Glioma
C:\Users\HishamMo\Desktop\999_cs\Quantum_Inpired_PSO_Classifcation\MRI_dataset\Optic Glioma\Optic_Glioma070.jpg,Optic Glioma
C:\Users\HishamMo\Desktop\999_cs\Quantum_Inpired_PSO_Classifcation\MRI_dataset\Optic Glioma\Optic_Glioma071.jpg,Optic Glioma
C:\Users\HishamMo\Desktop\999_cs\Quantum_Inpired_PSO_Classifcation\MRI_dataset\Optic Glioma\Optic_Glioma072.jpg,Optic Glioma
C:\Users\HishamMo\Desktop\999_cs\Quantum_Inpired_PSO_Classifcation\MRI_dataset\Optic Glioma\Optic_Glioma073.jpg,Optic Glioma
C:\Users\HishamMo\Desktop\999_cs\Quantum_Inpired_PSO_Classifcation\MRI_dataset\Optic Glioma\Optic_Glioma074.jpg,Optic Glioma
C:\Users\HishamMo\Desktop\999_cs\Quantum_Inpired_PSO_Classifcation\MRI_dataset\Optic Glioma\Optic_Glioma075.jpg,Optic Glioma
C:\Users\HishamMo\Desktop\999_cs\Quantum_Inpired_PSO_Classifcation\MRI_dataset\Optic Glioma\Optic_Glioma076.jpg,Optic Glioma
C:\Users\HishamMo\Desktop\999_cs\Quantum_Inpired_PSO_Classifcation\MRI_dataset\Optic Glioma\Optic_Glioma077.jpg,Optic Glioma
C:\Users\HishamMo\Desktop\999_cs\Quantum_Inpired_PSO_Classifcation\MRI_dataset\Optic Glioma\Optic_Glioma078.jpg,Optic Glioma
C:\Users\HishamMo\Desktop\999_cs\Quantum_Inpired_PSO_Classifcation\MRI_dataset\Optic Glioma\Optic_Glioma079.jpg,Optic Glioma
C:\Users\HishamMo\Desktop\999_cs\Quantum_Inpired_PSO_Classifcation\MRI_dataset\Optic Glioma\Optic_Glioma080.jpg,Optic Glioma
C:\Users\HishamMo\Desktop\999_cs\Quantum_Inpired_PSO_Classifcation\MRI_dataset\Optic Glioma\Optic_Glioma081.jpg,Optic Glioma
C:\Users\HishamMo\Desktop\999_cs\Quantum_Inpired_PSO_Classifcation\MRI_dataset\Optic Glioma\Optic_Glioma082.jpg,Optic Glioma
C:\Users\HishamMo\Desktop\999_cs\Quantum_Inpired_PSO_Classifcation\MRI_dataset\Optic Glioma\Optic_Glioma083.jpg,Optic Glioma
C:\Users\HishamMo\Desktop\999_cs\Quantum_Inpired_PSO_Classifcation\MRI_dataset\Optic Glioma\Optic_Glioma084.jpg,Optic Glioma
C:\Users\HishamMo\Desktop\999_cs\Quantum_Inpired_PSO_Classifcation\MRI_dataset\Optic Glioma\Optic_Glioma085.jpg,Optic Glioma
C:\Users\HishamMo\Desktop\999_cs\Quantum_Inpired_PSO_Classifcation\MRI_dataset\Optic Glioma\Optic_Glioma086.jpg,Optic Glioma
C:\Users\HishamMo\Desktop\999_cs\Quantum_Inpired_PSO_Classifcation\MRI_dataset\Optic Glioma\Optic_Glioma087.jpg,Optic Glioma
C:\Users\HishamMo\Desktop\999_cs\Quantum_Inpired_PSO_Classifcation\MRI_dataset\Optic Glioma\Optic_Glioma088.jpg,Optic Glioma
C:\Users\HishamMo\Desktop\999_cs\Quantum_Inpired_PSO_Classifcation\MRI_dataset\Optic Glioma\Optic_Glioma089.jpg,Optic Glioma
C:\Users\HishamMo\Desktop\999_cs\Quantum_Inpired_PSO_Classifcation\MRI_dataset\Optic Glioma\Optic_Glioma090.jpg,Optic Glioma
C:\Users\HishamMo\Desktop\999_cs\Quantum_Inpired_PSO_Classifcation\MRI_dataset\Optic Glioma\Optic_Glioma091.jpg,Optic Glioma
C:\Users\HishamMo\Desktop\999_cs\Quantum_Inpired_PSO_Classifcation\MRI_dataset\Optic Glioma\Optic_Glioma092.jpg,Optic Glioma
C:\Users\HishamMo\Desktop\999_cs\Quantum_Inpired_PSO_Classifcation\MRI_dataset\Optic Glioma\Optic_Glioma093.jpg,Optic Glioma
C:\Users\HishamMo\Desktop\999_cs\Quantum_Inpired_PSO_Classifcation\MRI_dataset\Optic Glioma\Optic_Glioma094.jpg,Optic Glioma
C:\Users\HishamMo\Desktop\999_cs\Quantum_Inpired_PSO_Classifcation\MRI_dataset\Optic Glioma\Optic_Glioma095.jpg,Optic Glioma
C:\Users\HishamMo\Desktop\999_cs\Quantum_Inpired_PSO_Classifcation\MRI_dataset\Optic Glioma\Optic_Glioma096.jpg,Optic Glioma
C:\Users\HishamMo\Desktop\999_cs\Quantum_Inpired_PSO_Classifcation\MRI_dataset\Optic Glioma\Optic_Glioma097.jpg,Optic Glioma
C:\Users\HishamMo\Desktop\999_cs\Quantum_Inpired_PSO_Classifcation\MRI_dataset\Optic Glioma\Optic_Glioma098.jpg,Optic Glioma
C:\Users\HishamMo\Desktop\999_cs\Quantum_Inpired_PSO_Classifcation\MRI_dataset\Optic Glioma\Optic_Glioma099.jpg,Optic Glioma
C:\Users\HishamMo\Desktop\999_cs\Quantum_Inpired_PSO_Classifcation\MRI_dataset\Optic Glioma\Optic_Glioma100.jpg,Optic Glioma
C:\Users\HishamMo\Desktop\999_cs\Quantum_Inpired_PSO_Classifcation\MRI_dataset\Optic Glioma\Optic_Glioma101.jpg,Optic Glioma
C:\Users\HishamMo\Desktop\999_cs\Quantum_Inpired_PSO_Classifcation\MRI_dataset\Optic Glioma\Optic_Glioma102.jpg,Optic Glioma
C:\Users\HishamMo\Desktop\999_cs\Quantum_Inpired_PSO_Classifcation\MRI_dataset\Optic Glioma\Optic_Glioma103.jpg,Optic Glioma
C:\Users\HishamMo\Desktop\999_cs\Quantum_Inpired_PSO_Classifcation\MRI_dataset\Optic Glioma\Optic_Glioma104.jpg,Optic Glioma
C:\Users\HishamMo\Desktop\999_cs\Quantum_Inpired_PSO_Classifcation\MRI_dataset\Optic Glioma\Optic_Glioma105.jpg,Optic Glioma
C:\Users\HishamMo\Desktop\999_cs\Quantum_Inpired_PSO_Classifcation\MRI_dataset\Optic Glioma\Optic_Glioma106.jpg,Optic Glioma
C:\Users\HishamMo\Desktop\999_cs\Quantum_Inpired_PSO_Classifcation\MRI_dataset\Optic Glioma\Optic_Glioma107.jpg,Optic Glioma
C:\Users\HishamMo\Desktop\999_cs\Quantum_Inpired_PSO_Classifcation\MRI_dataset\Optic Glioma\Optic_Glioma108.jpg,Optic Glioma
C:\Users\HishamMo\Desktop\999_cs\Quantum_Inpired_PSO_Classifcation\MRI_dataset\Optic Glioma\Optic_Glioma109.jpg,Optic Glioma
C:\Users\HishamMo\Desktop\999_cs\Quantum_Inpired_PSO_Classifcation\MRI_dataset\Optic Glioma\Optic_Glioma110.jpg,Optic Glioma
C:\Users\HishamMo\Desktop\999_cs\Quantum_Inpired_PSO_Classifcation\MRI_dataset\Optic Glioma\Optic_Glioma111.jpg,Optic Glioma
C:\Users\HishamMo\Desktop\999_cs\Quantum_Inpired_PSO_Classifcation\MRI_dataset\Optic Glioma\Optic_Glioma112.jpg,Optic Glioma
C:\Users\HishamMo\Desktop\999_cs\Quantum_Inpired_PSO_Classifcation\MRI_dataset\Optic Glioma\Optic_Glioma113.jpg,Optic Glioma
C:\Users\HishamMo\Desktop\999_cs\Quantum_Inpired_PSO_Classifcation\MRI_dataset\Optic Glioma\Optic_Glioma114.jpg,Optic Glioma
C:\Users\HishamMo\Desktop\999_cs\Quantum_Inpired_PSO_Classifcation\MRI_dataset\Optic Glioma\Optic_Glioma115.jpg,Optic Glioma
C:\Users\HishamMo\Desktop\999_cs\Quantum_Inpired_PSO_Classifcation\MRI_dataset\Optic Glioma\Optic_Glioma116.jpg,Optic Glioma
C:\Users\HishamMo\Desktop\999_cs\Quantum_Inpired_PSO_Classifcation\MRI_dataset\Optic Glioma\Optic_Glioma117.jpg,Optic Glioma
C:\Users\HishamMo\Desktop\999_cs\Quantum_Inpired_PSO_Classifcation\MRI_dataset\Optic Glioma\Optic_Glioma118.jpg,Optic Glioma
C:\Users\HishamMo\Desktop\999_cs\Quantum_Inpired_PSO_Classifcation\MRI_dataset\Optic Glioma\Optic_Glioma119.jpg,Optic Glioma
C:\Users\HishamMo\Desktop\999_cs\Quantum_Inpired_PSO_Classifcation\MRI_dataset\Optic Glioma\Optic_Glioma120.jpg,Optic Glioma
C:\Users\HishamMo\Desktop\999_cs\Quantum_Inpired_PSO_Classifcation\MRI_dataset\Optic Glioma\Optic_Glioma121.jpg,Optic Glioma
C:\Users\HishamMo\Desktop\999_cs\Quantum_Inpired_PSO_Classifcation\MRI_dataset\Optic Glioma\Optic_Glioma122.jpg,Optic Glioma
C:\Users\HishamMo\Desktop\999_cs\Quantum_Inpired_PSO_Classifcation\MRI_dataset\Optic Glioma\Optic_Glioma123.jpg,Optic Glioma
C:\Users\HishamMo\Desktop\999_cs\Quantum_Inpired_PSO_Classifcation\MRI_dataset\Optic Glioma\Optic_Glioma124.jpg,Optic Glioma
C:\Users\HishamMo\Desktop\999_cs\Quantum_Inpired_PSO_Classifcation\MRI_dataset\Optic Glioma\Optic_Glioma125.jpg,Optic Glioma
C:\Users\HishamMo\Desktop\999_cs\Quantum_Inpired_PSO_Classifcation\MRI_dataset\Optic Glioma\Optic_Glioma126.jpg,Optic Glioma
C:\Users\HishamMo\Desktop\999_cs\Quantum_Inpired_PSO_Classifcation\MRI_dataset\Optic Glioma\Optic_Glioma127.jpg,Optic Glioma
C:\Users\HishamMo\Desktop\999_cs\Quantum_Inpired_PSO_Classifcation\MRI_dataset\Optic Glioma\Optic_Glioma128.jpg,Optic Glioma
C:\Users\HishamMo\Desktop\999_cs\Quantum_Inpired_PSO_Classifcation\MRI_dataset\Optic Glioma\Optic_Glioma129.jpg,Optic Glioma
C:\Users\HishamMo\Desktop\999_cs\Quantum_Inpired_PSO_Classifcation\MRI_dataset\Optic Glioma\Optic_Glioma130.jpg,Optic Glioma
C:\Users\HishamMo\Desktop\999_cs\Quantum_Inpired_PSO_Classifcation\MRI_dataset\Optic Glioma\Optic_Glioma131.jpg,Optic Glioma
C:\Users\HishamMo\Desktop\999_cs\Quantum_Inpired_PSO_Classifcation\MRI_dataset\Optic Glioma\Optic_Glioma132.jpg,Optic Glioma
C:\Users\HishamMo\Desktop\999_cs\Quantum_Inpired_PSO_Classifcation\MRI_dataset\Optic Glioma\Optic_Glioma133.jpg,Optic Glioma
C:\Users\HishamMo\Desktop\999_cs\Quantum_Inpired_PSO_Classifcation\MRI_dataset\Optic Glioma\Optic_Glioma134.jpg,Optic Glioma
C:\Users\HishamMo\Desktop\999_cs\Quantum_Inpired_PSO_Classifcation\MRI_dataset\Optic Glioma\Optic_Glioma135.jpg,Optic Glioma
C:\Users\HishamMo\Desktop\999_cs\Quantum_Inpired_PSO_Classifcation\MRI_dataset\Optic Glioma\Optic_Glioma136.jpg,Optic Glioma
C:\Users\HishamMo\Desktop\999_cs\Quantum_Inpired_PSO_Classifcation\MRI_dataset\Optic Glioma\Optic_Glioma137.jpg,Optic Glioma
C:\Users\HishamMo\Desktop\999_cs\Quantum_Inpired_PSO_Classifcation\MRI_dataset\Optic Glioma\Optic_Glioma138.jpg,Optic Glioma
C:\Users\HishamMo\Desktop\999_cs\Quantum_Inpired_PSO_Classifcation\MRI_dataset\Optic Glioma\Optic_Glioma139.jpg,Optic Glioma
C:\Users\HishamMo\Desktop\999_cs\Quantum_Inpired_PSO_Classifcation\MRI_dataset\Optic Glioma\Optic_Glioma140.jpg,Optic Glioma
C:\Users\HishamMo\Desktop\999_cs\Quantum_Inpired_PSO_Classifcation\MRI_dataset\Optic Glioma\Optic_Glioma141.jpg,Optic Glioma
C:\Users\HishamMo\Desktop\999_cs\Quantum_Inpired_PSO_Classifcation\MRI_dataset\Optic Glioma\Optic_Glioma142.jpg,Optic Glioma
C:\Users\HishamMo\Desktop\999_cs\Quantum_Inpired_PSO_Classifcation\MRI_dataset\Optic Glioma\Optic_Glioma143.jpg,Optic Glioma
C:\Users\HishamMo\Desktop\999_cs\Quantum_Inpired_PSO_Classifcation\MRI_dataset\Optic Glioma\Optic_Glioma144.jpg,Optic Glioma
C:\Users\HishamMo\Desktop\999_cs\Quantum_Inpired_PSO_Classifcation\MRI_dataset\Optic Glioma\Optic_Glioma145.jpg,Optic Glioma
C:\Users\HishamMo\Desktop\999_cs\Quantum_Inpired_PSO_Classifcation\MRI_dataset\Optic Glioma\Optic_Glioma146.jpg,Optic Glioma
C:\Users\HishamMo\Desktop\999_cs\Quantum_Inpired_PSO_Classifcation\MRI_dataset\Optic Glioma\Optic_Glioma147.jpg,Optic Glioma
C:\Users\HishamMo\Desktop\999_cs\Quantum_Inpired_PSO_Classifcation\MRI_dataset\Optic Glioma\Optic_Glioma148.jpg,Optic Glioma
C:\Users\HishamMo\Desktop\999_cs\Quantum_Inpired_PSO_Classifcation\MRI_dataset\Optic Glioma\Optic_Glioma149.jpg,Optic Glioma
C:\Users\HishamMo\Desktop\999_cs\Quantum_Inpired_PSO_Classifcation\MRI_dataset\Optic Glioma\Optic_Glioma150.jpg,Optic Glioma
C:\Users\HishamMo\Desktop\999_cs\Quantum_Inpired_PSO_Classifcation\MRI_dataset\Optic Glioma\Optic_Glioma151.jpg,Optic Glioma
C:\Users\HishamMo\Desktop\999_cs\Quantum_Inpired_PSO_Classifcation\MRI_dataset\Optic Glioma\Optic_Glioma152.jpg,Optic Glioma
C:\Users\HishamMo\Desktop\999_cs\Quantum_Inpired_PSO_Classifcation\MRI_dataset\Optic Glioma\Optic_Glioma153.jpg,Optic Glioma
C:\Users\HishamMo\Desktop\999_cs\Quantum_Inpired_PSO_Classifcation\MRI_dataset\Optic Glioma\Optic_Glioma154.jpg,Optic Glioma
C:\Users\HishamMo\Desktop\999_cs\Quantum_Inpired_PSO_Classifcation\MRI_dataset\Optic Glioma\Optic_Glioma155.jpg,Optic Glioma
C:\Users\HishamMo\Desktop\999_cs\Quantum_Inpired_PSO_Classifcation\MRI_dataset\Optic Glioma\Optic_Glioma156.jpg,Optic Glioma
C:\Users\HishamMo\Desktop\999_cs\Quantum_Inpired_PSO_Classifcation\MRI_dataset\Optic Glioma\Optic_Glioma157.jpg,Optic Glioma
C:\Users\HishamMo\Desktop\999_cs\Quantum_Inpired_PSO_Classifcation\MRI_dataset\Optic Glioma\Optic_Glioma158.jpg,Optic Glioma
C:\Users\HishamMo\Desktop\999_cs\Quantum_Inpired_PSO_Classifcation\MRI_dataset\Optic Glioma\Optic_Glioma159.jpg,Optic Glioma
C:\Users\HishamMo\Desktop\999_cs\Quantum_Inpired_PSO_Classifcation\MRI_dataset\Optic Glioma\Optic_Glioma160.jpg,Optic Glioma
C:\Users\HishamMo\Desktop\999_cs\Quantum_Inpired_PSO_Classifcation\MRI_dataset\Optic Glioma\Optic_Glioma161.jpg,Optic Glioma
C:\Users\HishamMo\Desktop\999_cs\Quantum_Inpired_PSO_Classifcation\MRI_dataset\Optic Glioma\Optic_Glioma162.jpg,Optic Glioma
C:\Users\HishamMo\Desktop\999_cs\Quantum_Inpired_PSO_Classifcation\MRI_dataset\Optic Glioma\Optic_Glioma163.jpg,Optic Glioma
C:\Users\HishamMo\Desktop\999_cs\Quantum_Inpired_PSO_Classifcation\MRI_dataset\Optic Glioma\Optic_Glioma164.jpg,Optic Glioma
C:\Users\HishamMo\Desktop\999_cs\Quantum_Inpired_PSO_Classifcation\MRI_dataset\Optic Glioma\Optic_Glioma165.jpg,Optic Glioma
C:\Users\HishamMo\Desktop\999_cs\Quantum_Inpired_PSO_Classifcation\MRI_dataset\Optic Glioma\Optic_Glioma166.jpg,Optic Glioma
C:\Users\HishamMo\Desktop\999_cs\Quantum_Inpired_PSO_Classifcation\MRI_dataset\Optic Glioma\Optic_Glioma167.jpg,Optic Glioma
C:\Users\HishamMo\Desktop\999_cs\Quantum_Inpired_PSO_Classifcation\MRI_dataset\Optic Glioma\Optic_Glioma168.jpg,Optic Glioma
C:\Users\HishamMo\Desktop\999_cs\Quantum_Inpired_PSO_Classifcation\MRI_dataset\Optic Glioma\Optic_Glioma169.jpg,Optic Glioma
C:\Users\HishamMo\Desktop\999_cs\Quantum_Inpired_PSO_Classifcation\MRI_dataset\Optic Glioma\Optic_Glioma170.jpg,Optic Glioma
C:\Users\HishamMo\Desktop\999_cs\Quantum_Inpired_PSO_Classifcation\MRI_dataset\Optic Glioma\Optic_Glioma171.jpg,Optic Glioma
C:\Users\HishamMo\Desktop\999_cs\Quantum_Inpired_PSO_Classifcation\MRI_dataset\Optic Glioma\Optic_Glioma172.jpg,Optic Glioma
C:\Users\HishamMo\Desktop\999_cs\Quantum_Inpired_PSO_Classifcation\MRI_dataset\Optic Glioma\Optic_Glioma173.jpg,Optic Glioma
C:\Users\HishamMo\Desktop\999_cs\Quantum_Inpired_PSO_Classifcation\MRI_dataset\Optic Glioma\Optic_Glioma174.jpg,Optic Glioma
C:\Users\HishamMo\Desktop\999_cs\Quantum_Inpired_PSO_Classifcation\MRI_dataset\Optic Glioma\Optic_Glioma175.jpg,Optic Glioma
C:\Users\HishamMo\Desktop\999_cs\Quantum_Inpired_PSO_Classifcation\MRI_dataset\Optic Glioma\Optic_Glioma176.jpg,Optic Glioma
C:\Users\HishamMo\Desktop\999_cs\Quantum_Inpired_PSO_Classifcation\MRI_dataset\Optic Glioma\Optic_Glioma177.jpg,Optic Glioma
C:\Users\HishamMo\Desktop\999_cs\Quantum_Inpired_PSO_Classifcation\MRI_dataset\Optic Glioma\Optic_Glioma178.jpg,Optic Glioma
C:\Users\HishamMo\Desktop\999_cs\Quantum_Inpired_PSO_Classifcation\MRI_dataset\Optic Glioma\Optic_Glioma179.jpg,Optic Glioma
C:\Users\HishamMo\Desktop\999_cs\Quantum_Inpired_PSO_Classifcation\MRI_dataset\Optic Glioma\Optic_Glioma180.jpg,Optic Glioma
C:\Users\HishamMo\Desktop\999_cs\Quantum_Inpired_PSO_Classifcation\MRI_dataset\Optic Glioma\Optic_Glioma181.jpg,Optic Glioma
C:\Users\HishamMo\Desktop\999_cs\Quantum_Inpired_PSO_Classifcation\MRI_dataset\Optic Glioma\Optic_Glioma182.jpg,Optic Glioma
C:\Users\HishamMo\Desktop\999_cs\Quantum_Inpired_PSO_Classifcation\MRI_dataset\Optic Glioma\Optic_Glioma183.jpg,Optic Glioma
C:\Users\HishamMo\Desktop\999_cs\Quantum_Inpired_PSO_Classifcation\MRI_dataset\Optic Glioma\Optic_Glioma184.jpg,Optic Glioma
C:\Users\HishamMo\Desktop\999_cs\Quantum_Inpired_PSO_Classifcation\MRI_dataset\Optic Glioma\Optic_Glioma185.jpg,Optic Glioma
C:\Users\HishamMo\Desktop\999_cs\Quantum_Inpired_PSO_Classifcation\MRI_dataset\Optic Glioma\Optic_Glioma186.jpg,Optic Glioma
C:\Users\HishamMo\Desktop\999_cs\Quantum_Inpired_PSO_Classifcation\MRI_dataset\Optic Glioma\Optic_Glioma187.jpg,Optic Glioma
C:\Users\HishamMo\Desktop\999_cs\Quantum_Inpired_PSO_Classifcation\MRI_dataset\Optic Glioma\Optic_Glioma188.jpg,Optic Glioma
C:\Users\HishamMo\Desktop\999_cs\Quantum_Inpired_PSO_Classifcation\MRI_dataset\Optic Glioma\Optic_Glioma189.jpg,Optic Glioma
C:\Users\HishamMo\Desktop\999_cs\Quantum_Inpired_PSO_Classifcation\MRI_dataset\Optic Glioma\Optic_Glioma190.jpg,Optic Glioma
C:\Users\HishamMo\Desktop\999_cs\Quantum_Inpired_PSO_Classifcation\MRI_dataset\Optic Glioma\Optic_Glioma191.jpg,Optic Glioma
C:\Users\HishamMo\Desktop\999_cs\Quantum_Inpired_PSO_Classifcation\MRI_dataset\Optic Glioma\Optic_Glioma192.jpg,Optic Glioma
C:\Users\HishamMo\Desktop\999_cs\Quantum_Inpired_PSO_Classifcation\MRI_dataset\Optic Glioma\Optic_Glioma193.jpg,Optic Glioma
C:\Users\HishamMo\Desktop\999_cs\Quantum_Inpired_PSO_Classifcation\MRI_dataset\Optic Glioma\Optic_Glioma194.jpg,Optic Glioma
C:\Users\HishamMo\Desktop\999_cs\Quantum_Inpired_PSO_Classifcation\MRI_dataset\Optic Glioma\Optic_Glioma195.jpg,Optic Glioma
C:\Users\HishamMo\Desktop\999_cs\Quantum_Inpired_PSO_Classifcation\MRI_dataset\Optic Glioma\Optic_Glioma196.jpg,Optic Glioma
C:\Users\HishamMo\Desktop\999_cs\Quantum_Inpired_PSO_Classifcation\MRI_dataset\Optic Glioma\Optic_Glioma197.jpg,Optic Glioma
C:\Users\HishamMo\Desktop\999_cs\Quantum_Inpired_PSO_Classifcation\MRI_dataset\Optic Glioma\Optic_Glioma198.jpg,Optic Glioma
C:\Users\HishamMo\Desktop\999_cs\Quantum_Inpired_PSO_Classifcation\MRI_dataset\Optic Glioma\Optic_Glioma199.jpg,Optic Glioma
C:\Users\HishamMo\Desktop\999_cs\Quantum_Inpired_PSO_Classifcation\MRI_dataset\Optic Glioma\Optic_Glioma200.jpg,Optic Glioma
C:\Users\HishamMo\Desktop\999_cs\Quantum_Inpired_PSO_Classifcation\MRI_dataset\Optic Glioma\Optic_Glioma201.jpg,Optic Glioma
C:\Users\HishamMo\Desktop\999_cs\Quantum_Inpired_PSO_Classifcation\MRI_dataset\Optic Glioma\Optic_Glioma202.jpg,Optic Glioma
C:\Users\HishamMo\Desktop\999_cs\Quantum_Inpired_PSO_Classifcation\MRI_dataset\Optic Glioma\Optic_Glioma203.jpg,Optic Glioma
C:\Users\HishamMo\Desktop\999_cs\Quantum_Inpired_PSO_Classifcation\MRI_dataset\Optic Glioma\Optic_Glioma204.jpg,Optic Glioma
C:\Users\HishamMo\Desktop\999_cs\Quantum_Inpired_PSO_Classifcation\MRI_dataset\Optic Glioma\Optic_Glioma205.jpg,Optic Glioma
C:\Users\HishamMo\Desktop\999_cs\Quantum_Inpired_PSO_Classifcation\MRI_dataset\Optic Glioma\Optic_Glioma206.jpg,Optic Glioma
C:\Users\HishamMo\Desktop\999_cs\Quantum_Inpired_PSO_Classifcation\MRI_dataset\Optic Glioma\Optic_Glioma207.jpg,Optic Glioma
C:\Users\HishamMo\Desktop\999_cs\Quantum_Inpired_PSO_Classifcation\MRI_dataset\Optic Glioma\Optic_Glioma208.jpg,Optic Glioma
C:\Users\HishamMo\Desktop\999_cs\Quantum_Inpired_PSO_Classifcation\MRI_dataset\Optic Glioma\Optic_Glioma209.jpg,Optic Glioma
C:\Users\HishamMo\Desktop\999_cs\Quantum_Inpired_PSO_Classifcation\MRI_dataset\Optic Glioma\Optic_Glioma210.jpg,Optic Glioma
C:\Users\HishamMo\Desktop\999_cs\Quantum_Inpired_PSO_Classifcation\MRI_dataset\Optic Glioma\Optic_Glioma211.jpg,Optic Glioma
C:\Users\HishamMo\Desktop\999_cs\Quantum_Inpired_PSO_Classifcation\MRI_dataset\Optic Glioma\Optic_Glioma212.jpg,Optic Glioma
C:\Users\HishamMo\Desktop\999_cs\Quantum_Inpired_PSO_Classifcation\MRI_dataset\Optic Glioma\Optic_Glioma213.jpg,Optic Glioma
C:\Users\HishamMo\Desktop\999_cs\Quantum_Inpired_PSO_Classifcation\MRI_dataset\Optic Glioma\Optic_Glioma214.jpg,Optic Glioma
C:\Users\HishamMo\Desktop\999_cs\Quantum_Inpired_PSO_Classifcation\MRI_dataset\Optic Glioma\Optic_Glioma215.jpg,Optic Glioma
C:\Users\HishamMo\Desktop\999_cs\Quantum_Inpired_PSO_Classifcation\MRI_dataset\Optic Glioma\Optic_Glioma216.jpg,Optic Glioma
C:\Users\HishamMo\Desktop\999_cs\Quantum_Inpired_PSO_Classifcation\MRI_dataset\Optic Glioma\Optic_Glioma217.jpg,Optic Glioma
C:\Users\HishamMo\Desktop\999_cs\Quantum_Inpired_PSO_Classifcation\MRI_dataset\Optic Glioma\Optic_Glioma218.jpg,Optic Glioma
C:\Users\HishamMo\Desktop\999_cs\Quantum_Inpired_PSO_Classifcation\MRI_dataset\Optic Glioma\Optic_Glioma219.jpg,Optic Glioma
C:\Users\HishamMo\Desktop\999_cs\Quantum_Inpired_PSO_Classifcation\MRI_dataset\Optic Glioma\Optic_Glioma220.jpg,Optic Glioma
C:\Users\HishamMo\Desktop\999_cs\Quantum_Inpired_PSO_Classifcation\MRI_dataset\Optic Glioma\Optic_Glioma221.jpg,Optic Glioma
C:\Users\HishamMo\Desktop\999_cs\Quantum_Inpired_PSO_Classifcation\MRI_dataset\Optic Glioma\Optic_Glioma222.jpg,Optic Glioma
C:\Users\HishamMo\Desktop\999_cs\Quantum_Inpired_PSO_Classifcation\MRI_dataset\Optic Glioma\Optic_Glioma223.jpg,Optic Glioma
C:\Users\HishamMo\Desktop\999_cs\Quantum_Inpired_PSO_Classifcation\MRI_dataset\Optic Glioma\Optic_Glioma224.jpg,Optic Glioma
C:\Users\HishamMo\Desktop\999_cs\Quantum_Inpired_PSO_Classifcation\MRI_dataset\Optic Glioma\Optic_Glioma225.jpg,Optic Glioma
C:\Users\HishamMo\Desktop\999_cs\Quantum_Inpired_PSO_Classifcation\MRI_dataset\Optic Glioma\Optic_Glioma226.jpg,Optic Glioma
C:\Users\HishamMo\Desktop\999_cs\Quantum_Inpired_PSO_Classifcation\MRI_dataset\Optic Glioma\Optic_Glioma227.jpg,Optic Glioma
C:\Users\HishamMo\Desktop\999_cs\Quantum_Inpired_PSO_Classifcation\MRI_dataset\Optic Glioma\Optic_Glioma228.jpg,Optic Glioma
C:\Users\HishamMo\Desktop\999_cs\Quantum_Inpired_PSO_Classifcation\MRI_dataset\Optic Glioma\Optic_Glioma229.jpg,Optic Glioma
C:\Users\HishamMo\Desktop\999_cs\Quantum_Inpired_PSO_Classifcation\MRI_dataset\Optic Glioma\Optic_Glioma230.jpg,Optic Glioma
C:\Users\HishamMo\Desktop\999_cs\Quantum_Inpired_PSO_Classifcation\MRI_dataset\Optic Glioma\Optic_Glioma231.jpg,Optic Glioma
C:\Users\HishamMo\Desktop\999_cs\Quantum_Inpired_PSO_Classifcation\MRI_dataset\Optic Glioma\Optic_Glioma232.jpg,Optic Glioma
C:\Users\HishamMo\Desktop\999_cs\Quantum_Inpired_PSO_Classifcation\MRI_dataset\Optic Glioma\Optic_Glioma233.jpg,Optic Glioma
C:\Users\HishamMo\Desktop\999_cs\Quantum_Inpired_PSO_Classifcation\MRI_dataset\Optic Glioma\Optic_Glioma234.jpg,Optic Glioma
C:\Users\HishamMo\Desktop\999_cs\Quantum_Inpired_PSO_Classifcation\MRI_dataset\Optic Glioma\Optic_Glioma235.jpg,Optic Glioma
C:\Users\HishamMo\Desktop\999_cs\Quantum_Inpired_PSO_Classifcation\MRI_dataset\Optic Glioma\Optic_Glioma236.jpg,Optic Glioma
C:\Users\HishamMo\Desktop\999_cs\Quantum_Inpired_PSO_Classifcation\MRI_dataset\Optic Glioma\Optic_Glioma237.jpg,Optic Glioma
C:\Users\HishamMo\Desktop\999_cs\Quantum_Inpired_PSO_Classifcation\MRI_dataset\Optic Glioma\Optic_Glioma238.jpg,Optic Glioma
C:\Users\HishamMo\Desktop\999_cs\Quantum_Inpired_PSO_Classifcation\MRI_dataset\Optic Glioma\Optic_Glioma239.jpg,Optic Glioma
C:\Users\HishamMo\Desktop\999_cs\Quantum_Inpired_PSO_Classifcation\MRI_dataset\Optic Glioma\Optic_Glioma240.jpg,Optic Glioma
C:\Users\HishamMo\Desktop\999_cs\Quantum_Inpired_PSO_Classifcation\MRI_dataset\Optic Glioma\Optic_Glioma241.jpg,Optic Glioma
C:\Users\HishamMo\Desktop\999_cs\Quantum_Inpired_PSO_Classifcation\MRI_dataset\Optic Glioma\Optic_Glioma242.jpg,Optic Glioma
C:\Users\HishamMo\Desktop\999_cs\Quantum_Inpired_PSO_Classifcation\MRI_dataset\Optic Glioma\Optic_Glioma243.jpg,Optic Glioma
C:\Users\HishamMo\Desktop\999_cs\Quantum_Inpired_PSO_Classifcation\MRI_dataset\Optic Glioma\Optic_Glioma244.jpg,Optic Glioma
C:\Users\HishamMo\Desktop\999_cs\Quantum_Inpired_PSO_Classifcation\MRI_dataset\Optic Glioma\Optic_Glioma245.jpg,Optic Glioma
C:\Users\HishamMo\Desktop\999_cs\Quantum_Inpired_PSO_Classifcation\MRI_dataset\Optic Glioma\Optic_Glioma246.jpg,Optic Glioma
C:\Users\HishamMo\Desktop\999_cs\Quantum_Inpired_PSO_Classifcation\MRI_dataset\Optic Glioma\Optic_Glioma247.jpg,Optic Glioma
C:\Users\HishamMo\Desktop\999_cs\Quantum_Inpired_PSO_Classifcation\MRI_dataset\Optic Glioma\Optic_Glioma248.jpg,Optic Glioma
C:\Users\HishamMo\Desktop\999_cs\Quantum_Inpired_PSO_Classifcation\MRI_dataset\Optic Glioma\Optic_Glioma249.jpg,Optic Glioma
C:\Users\HishamMo\Desktop\999_cs\Quantum_Inpired_PSO_Classifcation\MRI_dataset\Optic Glioma\Optic_Glioma250.jpg,Optic Glioma
C:\Users\HishamMo\Desktop\999_cs\Quantum_Inpired_PSO_Classifcation\MRI_dataset\Optic Glioma\Optic_Glioma251.jpg,Optic Glioma
C:\Users\HishamMo\Desktop\999_cs\Quantum_Inpired_PSO_Classifcation\MRI_dataset\Optic Glioma\Optic_Glioma252.jpg,Optic Glioma
C:\Users\HishamMo\Desktop\999_cs\Quantum_Inpired_PSO_Classifcation\MRI_dataset\Optic Glioma\Optic_Glioma253.jpg,Optic Glioma
C:\Users\HishamMo\Desktop\999_cs\Quantum_Inpired_PSO_Classifcation\MRI_dataset\Optic Glioma\Optic_Glioma254.jpg,Optic Glioma
C:\Users\HishamMo\Desktop\999_cs\Quantum_Inpired_PSO_Classifcation\MRI_dataset\Optic Glioma\Optic_Glioma255.jpg,Optic Glioma
C:\Users\HishamMo\Desktop\999_cs\Quantum_Inpired_PSO_Classifcation\MRI_dataset\Optic Glioma\Optic_Glioma256.jpg,Optic Glioma
C:\Users\HishamMo\Desktop\999_cs\Quantum_Inpired_PSO_Classifcation\MRI_dataset\Optic Glioma\Optic_Glioma257.jpg,Optic Glioma
C:\Users\HishamMo\Desktop\999_cs\Quantum_Inpired_PSO_Classifcation\MRI_dataset\Optic Glioma\Optic_Glioma258.jpg,Optic Glioma
C:\Users\HishamMo\Desktop\999_cs\Quantum_Inpired_PSO_Classifcation\MRI_dataset\Optic Glioma\Optic_Glioma259.jpg,Optic Glioma
C:\Users\HishamMo\Desktop\999_cs\Quantum_Inpired_PSO_Classifcation\MRI_dataset\Optic Glioma\Optic_Glioma260.jpg,Optic Glioma
C:\Users\HishamMo\Desktop\999_cs\Quantum_Inpired_PSO_Classifcation\MRI_dataset\Optic Glioma\Optic_Glioma261.jpg,Optic Glioma
C:\Users\HishamMo\Desktop\999_cs\Quantum_Inpired_PSO_Classifcation\MRI_dataset\Optic Glioma\Optic_Glioma262.jpg,Optic Glioma
C:\Users\HishamMo\Desktop\999_cs\Quantum_Inpired_PSO_Classifcation\MRI_dataset\Optic Glioma\Optic_Glioma263.jpg,Optic Glioma
C:\Users\HishamMo\Desktop\999_cs\Quantum_Inpired_PSO_Classifcation\MRI_dataset\Optic Glioma\Optic_Glioma264.jpg,Optic Glioma
C:\Users\HishamMo\Desktop\999_cs\Quantum_Inpired_PSO_Classifcation\MRI_dataset\Optic Glioma\Optic_Glioma265.jpg,Optic Glioma
C:\Users\HishamMo\Desktop\999_cs\Quantum_Inpired_PSO_Classifcation\MRI_dataset\Optic Glioma\Optic_Glioma266.jpg,Optic Glioma
C:\Users\HishamMo\Desktop\999_cs\Quantum_Inpired_PSO_Classifcation\MRI_dataset\Optic Glioma\Optic_Glioma267.jpg,Optic Glioma
C:\Users\HishamMo\Desktop\999_cs\Quantum_Inpired_PSO_Classifcation\MRI_dataset\Optic Glioma\Optic_Glioma268.jpg,Optic Glioma
C:\Users\HishamMo\Desktop\999_cs\Quantum_Inpired_PSO_Classifcation\MRI_dataset\Optic Glioma\Optic_Glioma269.jpg,Optic Glioma
C:\Users\HishamMo\Desktop\999_cs\Quantum_Inpired_PSO_Classifcation\MRI_dataset\Optic Glioma\Optic_Glioma270.jpg,Optic Glioma
C:\Users\HishamMo\Desktop\999_cs\Quantum_Inpired_PSO_Classifcation\MRI_dataset\Optic Glioma\Optic_Glioma271.jpg,Optic Glioma
C:\Users\HishamMo\Desktop\999_cs\Quantum_Inpired_PSO_Classifcation\MRI_dataset\Optic Glioma\Optic_Glioma272.jpg,Optic Glioma
C:\Users\HishamMo\Desktop\999_cs\Quantum_Inpired_PSO_Classifcation\MRI_dataset\Optic Glioma\Optic_Glioma273.jpg,Optic Glioma
C:\Users\HishamMo\Desktop\999_cs\Quantum_Inpired_PSO_Classifcation\MRI_dataset\Optic Glioma\Optic_Glioma274.jpg,Optic Glioma
C:\Users\HishamMo\Desktop\999_cs\Quantum_Inpired_PSO_Classifcation\MRI_dataset\Optic Glioma\Optic_Glioma275.jpg,Optic Glioma
C:\Users\HishamMo\Desktop\999_cs\Quantum_Inpired_PSO_Classifcation\MRI_dataset\Optic Glioma\Optic_Glioma276.jpg,Optic Glioma
C:\Users\HishamMo\Desktop\999_cs\Quantum_Inpired_PSO_Classifcation\MRI_dataset\Optic Glioma\Optic_Glioma277.jpg,Optic Glioma
C:\Users\HishamMo\Desktop\999_cs\Quantum_Inpired_PSO_Classifcation\MRI_dataset\Optic Glioma\Optic_Glioma278.jpg,Optic Glioma
C:\Users\HishamMo\Desktop\999_cs\Quantum_Inpired_PSO_Classifcation\MRI_dataset\Optic Glioma\Optic_Glioma279.jpg,Optic Glioma
C:\Users\HishamMo\Desktop\999_cs\Quantum_Inpired_PSO_Classifcation\MRI_dataset\Optic Glioma\Optic_Glioma280.jpg,Optic Glioma
C:\Users\HishamMo\Desktop\999_cs\Quantum_Inpired_PSO_Classifcation\MRI_dataset\Optic Glioma\Optic_Glioma281.jpg,Optic Glioma
C:\Users\HishamMo\Desktop\999_cs\Quantum_Inpired_PSO_Classifcation\MRI_dataset\Optic Glioma\Optic_Glioma282.jpg,Optic Glioma
C:\Users\HishamMo\Desktop\999_cs\Quantum_Inpired_PSO_Classifcation\MRI_dataset\Optic Glioma\Optic_Glioma283.jpg,Optic Glioma
C:\Users\HishamMo\Desktop\999_cs\Quantum_Inpired_PSO_Classifcation\MRI_dataset\Optic Glioma\Optic_Glioma284.jpg,Optic Glioma
C:\Users\HishamMo\Desktop\999_cs\Quantum_Inpired_PSO_Classifcation\MRI_dataset\Optic Glioma\Optic_Glioma285.jpg,Optic Glioma
C:\Users\HishamMo\Desktop\999_cs\Quantum_Inpired_PSO_Classifcation\MRI_dataset\Optic Glioma\Optic_Glioma286.jpg,Optic Glioma
C:\Users\HishamMo\Desktop\999_cs\Quantum_Inpired_PSO_Classifcation\MRI_dataset\Optic Glioma\Optic_Glioma287.jpg,Optic Glioma
C:\Users\HishamMo\Desktop\999_cs\Quantum_Inpired_PSO_Classifcation\MRI_dataset\Optic Glioma\Optic_Glioma288.jpg,Optic Glioma
C:\Users\HishamMo\Desktop\999_cs\Quantum_Inpired_PSO_Classifcation\MRI_dataset\Optic Glioma\Optic_Glioma289.jpg,Optic Glioma
C:\Users\HishamMo\Desktop\999_cs\Quantum_Inpired_PSO_Classifcation\MRI_dataset\Optic Glioma\Optic_Glioma290.jpg,Optic Glioma
C:\Users\HishamMo\Desktop\999_cs\Quantum_Inpired_PSO_Classifcation\MRI_dataset\Optic Glioma\Optic_Glioma291.jpg,Optic Glioma
C:\Users\HishamMo\Desktop\999_cs\Quantum_Inpired_PSO_Classifcation\MRI_dataset\Optic Glioma\Optic_Glioma292.jpg,Optic Glioma
C:\Users\HishamMo\Desktop\999_cs\Quantum_Inpired_PSO_Classifcation\MRI_dataset\Optic Glioma\Optic_Glioma293.jpg,Optic Glioma
C:\Users\HishamMo\Desktop\999_cs\Quantum_Inpired_PSO_Classifcation\MRI_dataset\Optic Glioma\Optic_Glioma294.jpg,Optic Glioma
C:\Users\HishamMo\Desktop\999_cs\Quantum_Inpired_PSO_Classifcation\MRI_dataset\Optic Glioma\Optic_Glioma295.jpg,Optic Glioma
C:\Users\HishamMo\Desktop\999_cs\Quantum_Inpired_PSO_Classifcation\MRI_dataset\Optic Glioma\Optic_Glioma296.jpg,Optic Glioma
C:\Users\HishamMo\Desktop\999_cs\Quantum_Inpired_PSO_Classifcation\MRI_dataset\Optic Glioma\Optic_Glioma297.jpg,Optic Glioma
C:\Users\HishamMo\Desktop\999_cs\Quantum_Inpired_PSO_Classifcation\MRI_dataset\Optic Glioma\Optic_Glioma298.jpg,Optic Glioma
C:\Users\HishamMo\Desktop\999_cs\Quantum_Inpired_PSO_Classifcation\MRI_dataset\Optic Glioma\Optic_Glioma299.jpg,Optic Glioma
C:\Users\HishamMo\Desktop\999_cs\Quantum_Inpired_PSO_Classifcation\MRI_dataset\Optic Glioma\Optic_Glioma300.jpg,Optic Glioma
C:\Users\HishamMo\Desktop\999_cs\Quantum_Inpired_PSO_Classifcation\MRI_dataset\Optic Glioma\Optic_Glioma301.jpg,Optic Glioma
C:\Users\HishamMo\Desktop\999_cs\Quantum_Inpired_PSO_Classifcation\MRI_dataset\Optic Glioma\Optic_Glioma302.jpg,Optic Glioma
C:\Users\HishamMo\Desktop\999_cs\Quantum_Inpired_PSO_Classifcation\MRI_dataset\Optic Glioma\Optic_Glioma303.jpg,Optic Glioma
C:\Users\HishamMo\Desktop\999_cs\Quantum_Inpired_PSO_Classifcation\MRI_dataset\Optic Glioma\Optic_Glioma304.jpg,Optic Glioma
C:\Users\HishamMo\Desktop\999_cs\Quantum_Inpired_PSO_Classifcation\MRI_dataset\Optic Glioma\Optic_Glioma305.jpg,Optic Glioma
C:\Users\HishamMo\Desktop\999_cs\Quantum_Inpired_PSO_Classifcation\MRI_dataset\Optic Glioma\Optic_Glioma306.jpg,Optic Glioma
C:\Users\HishamMo\Desktop\999_cs\Quantum_Inpired_PSO_Classifcation\MRI_dataset\Optic Glioma\Optic_Glioma307.jpg,Optic Glioma
C:\Users\HishamMo\Desktop\999_cs\Quantum_Inpired_PSO_Classifcation\MRI_dataset\Optic Glioma\Optic_Glioma308.jpg,Optic Glioma
C:\Users\HishamMo\Desktop\999_cs\Quantum_Inpired_PSO_Classifcation\MRI_dataset\Optic Glioma\Optic_Glioma309.jpg,Optic Glioma
C:\Users\HishamMo\Desktop\999_cs\Quantum_Inpired_PSO_Classifcation\MRI_dataset\Optic Glioma\Optic_Glioma310.jpg,Optic Glioma
C:\Users\HishamMo\Desktop\999_cs\Quantum_Inpired_PSO_Classifcation\MRI_dataset\Optic Glioma\Optic_Glioma311.jpg,Optic Glioma
C:\Users\HishamMo\Desktop\999_cs\Quantum_Inpired_PSO_Classifcation\MRI_dataset\Optic Glioma\Optic_Glioma312.jpg,Optic Glioma
C:\Users\HishamMo\Desktop\999_cs\Quantum_Inpired_PSO_Classifcation\MRI_dataset\Optic Glioma\Optic_Glioma313.jpg,Optic Glioma
C:\Users\HishamMo\Desktop\999_cs\Quantum_Inpired_PSO_Classifcation\MRI_dataset\Optic Glioma\Optic_Glioma314.jpg,Optic Glioma
C:\Users\HishamMo\Desktop\999_cs\Quantum_Inpired_PSO_Classifcation\MRI_dataset\Optic Glioma\Optic_Glioma315.jpg,Optic Glioma
C:\Users\HishamMo\Desktop\999_cs\Quantum_Inpired_PSO_Classifcation\MRI_dataset\Optic Glioma\Optic_Glioma316.jpg,Optic Glioma
C:\Users\HishamMo\Desktop\999_cs\Quantum_Inpired_PSO_Classifcation\MRI_dataset\Optic Glioma\Optic_Glioma317.jpg,Optic Glioma
C:\Users\HishamMo\Desktop\999_cs\Quantum_Inpired_PSO_Classifcation\MRI_dataset\Optic Glioma\Optic_Glioma318.jpg,Optic Glioma
C:\Users\HishamMo\Desktop\999_cs\Quantum_Inpired_PSO_Classifcation\MRI_dataset\Optic Glioma\Optic_Glioma319.jpg,Optic Glioma
C:\Users\HishamMo\Desktop\999_cs\Quantum_Inpired_PSO_Classifcation\MRI_dataset\Optic Glioma\Optic_Glioma320.jpg,Optic Glioma
C:\Users\HishamMo\Desktop\999_cs\Quantum_Inpired_PSO_Classifcation\MRI_dataset\Optic Glioma\Optic_Glioma321.jpg,Optic Glioma
C:\Users\HishamMo\Desktop\999_cs\Quantum_Inpired_PSO_Classifcation\MRI_dataset\Optic Glioma\Optic_Glioma322.jpg,Optic Glioma
C:\Users\HishamMo\Desktop\999_cs\Quantum_Inpired_PSO_Classifcation\MRI_dataset\Optic Glioma\Optic_Glioma323.jpg,Optic Glioma
C:\Users\HishamMo\Desktop\999_cs\Quantum_Inpired_PSO_Classifcation\MRI_dataset\Optic Glioma\Optic_Glioma324.jpg,Optic Glioma
C:\Users\HishamMo\Desktop\999_cs\Quantum_Inpired_PSO_Classifcation\MRI_dataset\Optic Glioma\Optic_Glioma325.jpg,Optic Glioma
C:\Users\HishamMo\Desktop\999_cs\Quantum_Inpired_PSO_Classifcation\MRI_dataset\Optic Glioma\Optic_Glioma326.jpg,Optic Glioma
C:\Users\HishamMo\Desktop\999_cs\Quantum_Inpired_PSO_Classifcation\MRI_dataset\Optic Glioma\Optic_Glioma327.jpg,Optic Glioma
C:\Users\HishamMo\Desktop\999_cs\Quantum_Inpired_PSO_Classifcation\MRI_dataset\Optic Glioma\Optic_Glioma328.jpg,Optic Glioma
C:\Users\HishamMo\Desktop\999_cs\Quantum_Inpired_PSO_Classifcation\MRI_dataset\Optic Glioma\Optic_Glioma329.jpg,Optic Glioma
C:\Users\HishamMo\Desktop\999_cs\Quantum_Inpired_PSO_Classifcation\MRI_dataset\Optic Glioma\Optic_Glioma330.jpg,Optic Glioma
C:\Users\HishamMo\Desktop\999_cs\Quantum_Inpired_PSO_Classifcation\MRI_dataset\Optic Glioma\Optic_Glioma331.jpg,Optic Glioma
C:\Users\HishamMo\Desktop\999_cs\Quantum_Inpired_PSO_Classifcation\MRI_dataset\Optic Glioma\Optic_Glioma332.jpg,Optic Glioma
C:\Users\HishamMo\Desktop\999_cs\Quantum_Inpired_PSO_Classifcation\MRI_dataset\Optic Glioma\Optic_Glioma333.jpg,Optic Glioma
C:\Users\HishamMo\Desktop\999_cs\Quantum_Inpired_PSO_Classifcation\MRI_dataset\Optic Glioma\Optic_Glioma334.jpg,Optic Glioma
C:\Users\HishamMo\Desktop\999_cs\Quantum_Inpired_PSO_Classifcation\MRI_dataset\Optic Glioma\Optic_Glioma335.jpg,Optic Glioma
C:\Users\HishamMo\Desktop\999_cs\Quantum_Inpired_PSO_Classifcation\MRI_dataset\Optic Glioma\Optic_Glioma336.jpg,Optic Glioma
C:\Users\HishamMo\Desktop\999_cs\Quantum_Inpired_PSO_Classifcation\MRI_dataset\Optic Glioma\Optic_Glioma337.jpg,Optic Glioma
C:\Users\HishamMo\Desktop\999_cs\Quantum_Inpired_PSO_Classifcation\MRI_dataset\Optic Glioma\Optic_Glioma338.jpg,Optic Glioma
C:\Users\HishamMo\Desktop\999_cs\Quantum_Inpired_PSO_Classifcation\MRI_dataset\Optic Glioma\Optic_Glioma339.jpg,Optic Glioma
C:\Users\HishamMo\Desktop\999_cs\Quantum_Inpired_PSO_Classifcation\MRI_dataset\Optic Glioma\Optic_Glioma340.jpg,Optic Glioma
C:\Users\HishamMo\Desktop\999_cs\Quantum_Inpired_PSO_Classifcation\MRI_dataset\Optic Glioma\Optic_Glioma341.jpg,Optic Glioma
C:\Users\HishamMo\Desktop\999_cs\Quantum_Inpired_PSO_Classifcation\MRI_dataset\Optic Glioma\Optic_Glioma342.jpg,Optic Glioma
C:\Users\HishamMo\Desktop\999_cs\Quantum_Inpired_PSO_Classifcation\MRI_dataset\Optic Glioma\Optic_Glioma343.jpg,Optic Glioma
C:\Users\HishamMo\Desktop\999_cs\Quantum_Inpired_PSO_Classifcation\MRI_dataset\Optic Glioma\Optic_Glioma344.jpg,Optic Glioma
C:\Users\HishamMo\Desktop\999_cs\Quantum_Inpired_PSO_Classifcation\MRI_dataset\Optic Glioma\Optic_Glioma345.jpg,Optic Glioma
C:\Users\HishamMo\Desktop\999_cs\Quantum_Inpired_PSO_Classifcation\MRI_dataset\Optic Glioma\Optic_Glioma346.jpg,Optic Glioma
C:\Users\HishamMo\Desktop\999_cs\Quantum_Inpired_PSO_Classifcation\MRI_dataset\Optic Glioma\Optic_Glioma347.jpg,Optic Glioma
C:\Users\HishamMo\Desktop\999_cs\Quantum_Inpired_PSO_Classifcation\MRI_dataset\Optic Glioma\Optic_Glioma348.jpg,Optic Glioma
C:\Users\HishamMo\Desktop\999_cs\Quantum_Inpired_PSO_Classifcation\MRI_dataset\Optic Glioma\Optic_Glioma349.jpg,Optic Glioma
C:\Users\HishamMo\Desktop\999_cs\Quantum_Inpired_PSO_Classifcation\MRI_dataset\Optic Glioma\Optic_Glioma350.jpg,Optic Glioma
C:\Users\HishamMo\Desktop\999_cs\Quantum_Inpired_PSO_Classifcation\MRI_dataset\Optic Glioma\Optic_Glioma351.jpg,Optic Glioma
C:\Users\HishamMo\Desktop\999_cs\Quantum_Inpired_PSO_Classifcation\MRI_dataset\Optic Glioma\Optic_Glioma352.jpg,Optic Glioma
C:\Users\HishamMo\Desktop\999_cs\Quantum_Inpired_PSO_Classifcation\MRI_dataset\Optic Glioma\Optic_Glioma353.jpg,Optic Glioma
C:\Users\HishamMo\Desktop\999_cs\Quantum_Inpired_PSO_Classifcation\MRI_dataset\Optic Glioma\Optic_Glioma354.jpg,Optic Glioma
C:\Users\HishamMo\Desktop\999_cs\Quantum_Inpired_PSO_Classifcation\MRI_dataset\Optic Glioma\Optic_Glioma355.jpg,Optic Glioma
C:\Users\HishamMo\Desktop\999_cs\Quantum_Inpired_PSO_Classifcation\MRI_dataset\Optic Glioma\Optic_Glioma356.jpg,Optic Glioma
C:\Users\HishamMo\Desktop\999_cs\Quantum_Inpired_PSO_Classifcation\MRI_dataset\Optic Glioma\Optic_Glioma357.jpg,Optic Glioma
C:\Users\HishamMo\Desktop\999_cs\Quantum_Inpired_PSO_Classifcation\MRI_dataset\Optic Glioma\Optic_Glioma358.jpg,Optic Glioma
C:\Users\HishamMo\Desktop\999_cs\Quantum_Inpired_PSO_Classifcation\MRI_dataset\Optic Glioma\Optic_Glioma359.jpg,Optic Glioma
C:\Users\HishamMo\Desktop\999_cs\Quantum_Inpired_PSO_Classifcation\MRI_dataset\Optic Glioma\Optic_Glioma360.jpg,Optic Glioma
C:\Users\HishamMo\Desktop\999_cs\Quantum_Inpired_PSO_Classifcation\MRI_dataset\Optic Glioma\Optic_Glioma361.jpg,Optic Glioma
C:\Users\HishamMo\Desktop\999_cs\Quantum_Inpired_PSO_Classifcation\MRI_dataset\Optic Glioma\Optic_Glioma362.jpg,Optic Glioma
C:\Users\HishamMo\Desktop\999_cs\Quantum_Inpired_PSO_Classifcation\MRI_dataset\Optic Glioma\Optic_Glioma363.jpg,Optic Glioma
C:\Users\HishamMo\Desktop\999_cs\Quantum_Inpired_PSO_Classifcation\MRI_dataset\Optic Glioma\Optic_Glioma364.jpg,Optic Glioma
C:\Users\HishamMo\Desktop\999_cs\Quantum_Inpired_PSO_Classifcation\MRI_dataset\Optic Glioma\Optic_Glioma365.jpg,Optic Glioma
C:\Users\HishamMo\Desktop\999_cs\Quantum_Inpired_PSO_Classifcation\MRI_dataset\Optic Glioma\Optic_Glioma366.jpg,Optic Glioma
C:\Users\HishamMo\Desktop\999_cs\Quantum_Inpired_PSO_Classifcation\MRI_dataset\Optic Glioma\Optic_Glioma367.jpg,Optic Glioma
C:\Users\HishamMo\Desktop\999_cs\Quantum_Inpired_PSO_Classifcation\MRI_dataset\Optic Glioma\Optic_Glioma368.jpg,Optic Glioma
C:\Users\HishamMo\Desktop\999_cs\Quantum_Inpired_PSO_Classifcation\MRI_dataset\Optic Glioma\Optic_Glioma369.jpg,Optic Glioma
C:\Users\HishamMo\Desktop\999_cs\Quantum_Inpired_PSO_Classifcation\MRI_dataset\Optic Glioma\Optic_Glioma370.jpg,Optic Glioma
C:\Users\HishamMo\Desktop\999_cs\Quantum_Inpired_PSO_Classifcation\MRI_dataset\Optic Glioma\Optic_Glioma371.jpg,Optic Glioma
C:\Users\HishamMo\Desktop\999_cs\Quantum_Inpired_PSO_Classifcation\MRI_dataset\Optic Glioma\Optic_Glioma372.jpg,Optic Glioma
C:\Users\HishamMo\Desktop\999_cs\Quantum_Inpired_PSO_Classifcation\MRI_dataset\Optic Glioma\Optic_Glioma373.jpg,Optic Glioma
C:\Users\HishamMo\Desktop\999_cs\Quantum_Inpired_PSO_Classifcation\MRI_dataset\Optic Glioma\Optic_Glioma374.jpg,Optic Glioma
C:\Users\HishamMo\Desktop\999_cs\Quantum_Inpired_PSO_Classifcation\MRI_dataset\Optic Glioma\Optic_Glioma375.jpg,Optic Glioma
C:\Users\HishamMo\Desktop\999_cs\Quantum_Inpired_PSO_Classifcation\MRI_dataset\Optic Glioma\Optic_Glioma376.jpg,Optic Glioma
C:\Users\HishamMo\Desktop\999_cs\Quantum_Inpired_PSO_Classifcation\MRI_dataset\Optic Glioma\Optic_Glioma377.jpg,Optic Glioma
C:\Users\HishamMo\Desktop\999_cs\Quantum_Inpired_PSO_Classifcation\MRI_dataset\Optic Glioma\Optic_Glioma378.jpg,Optic Glioma
C:\Users\HishamMo\Desktop\999_cs\Quantum_Inpired_PSO_Classifcation\MRI_dataset\Optic Glioma\Optic_Glioma379.jpg,Optic Glioma
C:\Users\HishamMo\Desktop\999_cs\Quantum_Inpired_PSO_Classifcation\MRI_dataset\Optic Glioma\Optic_Glioma380.jpg,Optic Glioma
C:\Users\HishamMo\Desktop\999_cs\Quantum_Inpired_PSO_Classifcation\MRI_dataset\Optic Glioma\Optic_Glioma381.jpg,Optic Glioma
C:\Users\HishamMo\Desktop\999_cs\Quantum_Inpired_PSO_Classifcation\MRI_dataset\Optic Glioma\Optic_Glioma382.jpg,Optic Glioma
C:\Users\HishamMo\Desktop\999_cs\Quantum_Inpired_PSO_Classifcation\MRI_dataset\Optic Glioma\Optic_Glioma383.jpg,Optic Glioma
C:\Users\HishamMo\Desktop\999_cs\Quantum_Inpired_PSO_Classifcation\MRI_dataset\Optic Glioma\Optic_Glioma384.jpg,Optic Glioma
C:\Users\HishamMo\Desktop\999_cs\Quantum_Inpired_PSO_Classifcation\MRI_dataset\Optic Glioma\Optic_Glioma385.jpg,Optic Glioma
C:\Users\HishamMo\Desktop\999_cs\Quantum_Inpired_PSO_Classifcation\MRI_dataset\Optic Glioma\Optic_Glioma386.jpg,Optic Glioma
C:\Users\HishamMo\Desktop\999_cs\Quantum_Inpired_PSO_Classifcation\MRI_dataset\Optic Glioma\Optic_Glioma387.jpg,Optic Glioma
C:\Users\HishamMo\Desktop\999_cs\Quantum_Inpired_PSO_Classifcation\MRI_dataset\Optic Glioma\Optic_Glioma388.jpg,Optic Glioma
C:\Users\HishamMo\Desktop\999_cs\Quantum_Inpired_PSO_Classifcation\MRI_dataset\Optic Glioma\Optic_Glioma389.jpg,Optic Glioma
C:\Users\HishamMo\Desktop\999_cs\Quantum_Inpired_PSO_Classifcation\MRI_dataset\Optic Glioma\Optic_Glioma390.jpg,Optic Glioma
C:\Users\HishamMo\Desktop\999_cs\Quantum_Inpired_PSO_Classifcation\MRI_dataset\Optic Glioma\Optic_Glioma391.jpg,Optic Glioma
C:\Users\HishamMo\Desktop\999_cs\Quantum_Inpired_PSO_Classifcation\MRI_dataset\Optic Glioma\Optic_Glioma392.jpg,Optic Glioma
C:\Users\HishamMo\Desktop\999_cs\Quantum_Inpired_PSO_Classifcation\MRI_dataset\Optic Glioma\Optic_Glioma393.jpg,Optic Glioma
C:\Users\HishamMo\Desktop\999_cs\Quantum_Inpired_PSO_Classifcation\MRI_dataset\Optic Glioma\Optic_Glioma394.jpg,Optic Glioma
C:\Users\HishamMo\Desktop\999_cs\Quantum_Inpired_PSO_Classifcation\MRI_dataset\Optic Glioma\Optic_Glioma395.jpg,Optic Glioma
C:\Users\HishamMo\Desktop\999_cs\Quantum_Inpired_PSO_Classifcation\MRI_dataset\Optic Glioma\Optic_Glioma396.jpg,Optic Glioma
C:\Users\HishamMo\Desktop\999_cs\Quantum_Inpired_PSO_Classifcation\MRI_dataset\Optic Glioma\Optic_Glioma397.jpg,Optic Glioma
C:\Users\HishamMo\Desktop\999_cs\Quantum_Inpired_PSO_Classifcation\MRI_dataset\Optic Glioma\Optic_Glioma398.jpg,Optic Glioma
C:\Users\HishamMo\Desktop\999_cs\Quantum_Inpired_PSO_Classifcation\MRI_dataset\Optic Glioma\Optic_Glioma399.jpg,Optic Glioma
C:\Users\HishamMo\Desktop\999_cs\Quantum_Inpired_PSO_Classifcation\MRI_dataset\Optic Glioma\Optic_Glioma400.jpg,Optic Glioma
C:\Users\HishamMo\Desktop\999_cs\Quantum_Inpired_PSO_Classifcation\MRI_dataset\Optic Glioma\Optic_Glioma401.jpg,Optic Glioma
C:\Users\HishamMo\Desktop\999_cs\Quantum_Inpired_PSO_Classifcation\MRI_dataset\Optic Glioma\Optic_Glioma402.jpg,Optic Glioma
C:\Users\HishamMo\Desktop\999_cs\Quantum_Inpired_PSO_Classifcation\MRI_dataset\Optic Glioma\Optic_Glioma403.jpg,Optic Glioma
C:\Users\HishamMo\Desktop\999_cs\Quantum_Inpired_PSO_Classifcation\MRI_dataset\Optic Glioma\Optic_Glioma404.jpg,Optic Glioma
C:\Users\HishamMo\Desktop\999_cs\Quantum_Inpired_PSO_Classifcation\MRI_dataset\Optic Glioma\Optic_Glioma405.jpg,Optic Glioma
C:\Users\HishamMo\Desktop\999_cs\Quantum_Inpired_PSO_Classifcation\MRI_dataset\Optic Glioma\Optic_Glioma406.jpg,Optic Glioma
C:\Users\HishamMo\Desktop\999_cs\Quantum_Inpired_PSO_Classifcation\MRI_dataset\Optic Glioma\Optic_Glioma407.jpg,Optic Glioma
C:\Users\HishamMo\Desktop\999_cs\Quantum_Inpired_PSO_Classifcation\MRI_dataset\Optic Glioma\Optic_Glioma408.jpg,Optic Glioma
C:\Users\HishamMo\Desktop\999_cs\Quantum_Inpired_PSO_Classifcation\MRI_dataset\Optic Glioma\Optic_Glioma409.jpg,Optic Glioma
C:\Users\HishamMo\Desktop\999_cs\Quantum_Inpired_PSO_Classifcation\MRI_dataset\Optic Glioma\Optic_Glioma410.jpg,Optic Glioma
C:\Users\HishamMo\Desktop\999_cs\Quantum_Inpired_PSO_Classifcation\MRI_dataset\Optic Glioma\Optic_Glioma411.jpg,Optic Glioma
C:\Users\HishamMo\Desktop\999_cs\Quantum_Inpired_PSO_Classifcation\MRI_dataset\Optic Glioma\Optic_Glioma412.jpg,Optic Glioma
C:\Users\HishamMo\Desktop\999_cs\Quantum_Inpired_PSO_Classifcation\MRI_dataset\Optic Glioma\Optic_Glioma413.jpg,Optic Glioma
C:\Users\HishamMo\Desktop\999_cs\Quantum_Inpired_PSO_Classifcation\MRI_dataset\Optic Glioma\Optic_Glioma414.jpg,Optic Glioma
C:\Users\HishamMo\Desktop\999_cs\Quantum_Inpired_PSO_Classifcation\MRI_dataset\Optic Glioma\Optic_Glioma415.jpg,Optic Glioma
C:\Users\HishamMo\Desktop\999_cs\Quantum_Inpired_PSO_Classifcation\MRI_dataset\Optic Glioma\Optic_Glioma416.jpg,Optic Glioma
C:\Users\HishamMo\Desktop\999_cs\Quantum_Inpired_PSO_Classifcation\MRI_dataset\Optic Glioma\Optic_Glioma417.jpg,Optic Glioma
C:\Users\HishamMo\Desktop\999_cs\Quantum_Inpired_PSO_Classifcation\MRI_dataset\Optic Glioma\Optic_Glioma418.jpg,Optic Glioma
C:\Users\HishamMo\Desktop\999_cs\Quantum_Inpired_PSO_Classifcation\MRI_dataset\Optic Glioma\Optic_Glioma419.jpg,Optic Glioma
C:\Users\HishamMo\Desktop\999_cs\Quantum_Inpired_PSO_Classifcation\MRI_dataset\Optic Glioma\Optic_Glioma420.jpg,Optic Glioma
C:\Users\HishamMo\Desktop\999_cs\Quantum_Inpired_PSO_Classifcation\MRI_dataset\Optic Glioma\Optic_Glioma421.jpg,Optic Glioma
C:\Users\HishamMo\Desktop\999_cs\Quantum_Inpired_PSO_Classifcation\MRI_dataset\Optic Glioma\Optic_Glioma422.jpg,Optic Glioma
C:\Users\HishamMo\Desktop\999_cs\Quantum_Inpired_PSO_Classifcation\MRI_dataset\Optic Glioma\Optic_Glioma423.jpg,Optic Glioma
C:\Users\HishamMo\Desktop\999_cs\Quantum_Inpired_PSO_Classifcation\MRI_dataset\Optic Glioma\Optic_Glioma424.jpg,Optic Glioma
C:\Users\HishamMo\Desktop\999_cs\Quantum_Inpired_PSO_Classifcation\MRI_dataset\Optic Glioma\Optic_Glioma425.jpg,Optic Glioma
C:\Users\HishamMo\Desktop\999_cs\Quantum_Inpired_PSO_Classifcation\MRI_dataset\Optic Glioma\Optic_Glioma426.jpg,Optic Glioma
C:\Users\HishamMo\Desktop\999_cs\Quantum_Inpired_PSO_Classifcation\MRI_dataset\Optic Glioma\Optic_Glioma427.jpg,Optic Glioma
C:\Users\HishamMo\Desktop\999_cs\Quantum_Inpired_PSO_Classifcation\MRI_dataset\Optic Glioma\Optic_Glioma428.jpg,Optic Glioma
C:\Users\HishamMo\Desktop\999_cs\Quantum_Inpired_PSO_Classifcation\MRI_dataset\Optic Glioma\Optic_Glioma429.jpg,Optic Glioma
C:\Users\HishamMo\Desktop\999_cs\Quantum_Inpired_PSO_Classifcation\MRI_dataset\Optic Glioma\Optic_Glioma430.jpg,Optic Glioma
C:\Users\HishamMo\Desktop\999_cs\Quantum_Inpired_PSO_Classifcation\MRI_dataset\Optic Glioma\Optic_Glioma431.jpg,Optic Glioma
C:\Users\HishamMo\Desktop\999_cs\Quantum_Inpired_PSO_Classifcation\MRI_dataset\Optic Glioma\Optic_Glioma432.jpg,Optic Glioma
C:\Users\HishamMo\Desktop\999_cs\Quantum_Inpired_PSO_Classifcation\MRI_dataset\Optic Glioma\Optic_Glioma433.jpg,Optic Glioma
C:\Users\HishamMo\Desktop\999_cs\Quantum_Inpired_PSO_Classifcation\MRI_dataset\Optic Glioma\Optic_Glioma434.jpg,Optic Glioma
C:\Users\HishamMo\Desktop\999_cs\Quantum_Inpired_PSO_Classifcation\MRI_dataset\Optic Glioma\Optic_Glioma435.jpg,Optic Glioma
C:\Users\HishamMo\Desktop\999_cs\Quantum_Inpired_PSO_Classifcation\MRI_dataset\Optic Glioma\Optic_Glioma436.jpg,Optic Glioma
C:\Users\HishamMo\Desktop\999_cs\Quantum_Inpired_PSO_Classifcation\MRI_dataset\Optic Glioma\Optic_Glioma437.jpg,Optic Glioma
C:\Users\HishamMo\Desktop\999_cs\Quantum_Inpired_PSO_Classifcation\MRI_dataset\Optic Glioma\Optic_Glioma438.jpg,Optic Glioma
C:\Users\HishamMo\Desktop\999_cs\Quantum_Inpired_PSO_Classifcation\MRI_dataset\Optic Glioma\Optic_Glioma439.jpg,Optic Glioma
C:\Users\HishamMo\Desktop\999_cs\Quantum_Inpired_PSO_Classifcation\MRI_dataset\Optic Glioma\Optic_Glioma440.jpg,Optic Glioma
C:\Users\HishamMo\Desktop\999_cs\Quantum_Inpired_PSO_Classifcation\MRI_dataset\Optic Glioma\Optic_Glioma441.jpg,Optic Glioma
C:\Users\HishamMo\Desktop\999_cs\Quantum_Inpired_PSO_Classifcation\MRI_dataset\Optic Glioma\Optic_Glioma442.jpg,Optic Glioma
C:\Users\HishamMo\Desktop\999_cs\Quantum_Inpired_PSO_Classifcation\MRI_dataset\Optic Glioma\Optic_Glioma443.jpg,Optic Glioma
C:\Users\HishamMo\Desktop\999_cs\Quantum_Inpired_PSO_Classifcation\MRI_dataset\Optic Glioma\Optic_Glioma444.jpg,Optic Glioma
C:\Users\HishamMo\Desktop\999_cs\Quantum_Inpired_PSO_Classifcation\MRI_dataset\Optic Glioma\Optic_Glioma445.jpg,Optic Glioma
C:\Users\HishamMo\Desktop\999_cs\Quantum_Inpired_PSO_Classifcation\MRI_dataset\Optic Glioma\Optic_Glioma446.jpg,Optic Glioma
C:\Users\HishamMo\Desktop\999_cs\Quantum_Inpired_PSO_Classifcation\MRI_dataset\Optic Glioma\Optic_Glioma447.jpg,Optic Glioma
C:\Users\HishamMo\Desktop\999_cs\Quantum_Inpired_PSO_Classifcation\MRI_dataset\Optic Glioma\Optic_Glioma448.jpg,Optic Glioma
C:\Users\HishamMo\Desktop\999_cs\Quantum_Inpired_PSO_Classifcation\MRI_dataset\Optic Glioma\Optic_Glioma449.jpg,Optic Glioma
C:\Users\HishamMo\Desktop\999_cs\Quantum_Inpired_PSO_Classifcation\MRI_dataset\Optic Glioma\Optic_Glioma450.jpg,Optic Glioma
C:\Users\HishamMo\Desktop\999_cs\Quantum_Inpired_PSO_Classifcation\MRI_dataset\Optic Glioma\Optic_Glioma451.jpg,Optic Glioma
C:\Users\HishamMo\Desktop\999_cs\Quantum_Inpired_PSO_Classifcation\MRI_dataset\Optic Glioma\Optic_Glioma452.jpg,Optic Glioma
C:\Users\HishamMo\Desktop\999_cs\Quantum_Inpired_PSO_Classifcation\MRI_dataset\Optic Glioma\Optic_Glioma453.jpg,Optic Glioma
C:\Users\HishamMo\Desktop\999_cs\Quantum_Inpired_PSO_Classifcation\MRI_dataset\Optic Glioma\Optic_Glioma454.jpg,Optic Glioma
C:\Users\HishamMo\Desktop\999_cs\Quantum_Inpired_PSO_Classifcation\MRI_dataset\Optic Glioma\Optic_Glioma455.jpg,Optic Glioma
C:\Users\HishamMo\Desktop\999_cs\Quantum_Inpired_PSO_Classifcation\MRI_dataset\Optic Glioma\Optic_Glioma456.jpg,Optic Glioma
C:\Users\HishamMo\Desktop\999_cs\Quantum_Inpired_PSO_Classifcation\MRI_dataset\Optic Glioma\Optic_Glioma457.jpg,Optic Glioma
C:\Users\HishamMo\Desktop\999_cs\Quantum_Inpired_PSO_Classifcation\MRI_dataset\Optic Glioma\Optic_Glioma458.jpg,Optic Glioma
C:\Users\HishamMo\Desktop\999_cs\Quantum_Inpired_PSO_Classifcation\MRI_dataset\Optic Glioma\Optic_Glioma459.jpg,Optic Glioma
C:\Users\HishamMo\Desktop\999_cs\Quantum_Inpired_PSO_Classifcation\MRI_dataset\Optic Glioma\Optic_Glioma460.jpg,Optic Glioma
C:\Users\HishamMo\Desktop\999_cs\Quantum_Inpired_PSO_Classifcation\MRI_dataset\Optic Glioma\Optic_Glioma461.jpg,Optic Glioma
C:\Users\HishamMo\Desktop\999_cs\Quantum_Inpired_PSO_Classifcation\MRI_dataset\Optic Glioma\Optic_Glioma462.jpg,Optic Glioma
C:\Users\HishamMo\Desktop\999_cs\Quantum_Inpired_PSO_Classifcation\MRI_dataset\Optic Glioma\Optic_Glioma463.jpg,Optic Glioma
C:\Users\HishamMo\Desktop\999_cs\Quantum_Inpired_PSO_Classifcation\MRI_dataset\Optic Glioma\Optic_Glioma464.jpg,Optic Glioma
C:\Users\HishamMo\Desktop\999_cs\Quantum_Inpired_PSO_Classifcation\MRI_dataset\Optic Glioma\Optic_Glioma465.jpg,Optic Glioma
C:\Users\HishamMo\Desktop\999_cs\Quantum_Inpired_PSO_Classifcation\MRI_dataset\Optic Glioma\Optic_Glioma466.jpg,Optic Glioma
C:\Users\HishamMo\Desktop\999_cs\Quantum_Inpired_PSO_Classifcation\MRI_dataset\Optic Glioma\Optic_Glioma467.jpg,Optic Glioma
C:\Users\HishamMo\Desktop\999_cs\Quantum_Inpired_PSO_Classifcation\MRI_dataset\Optic Glioma\Optic_Glioma468.jpg,Optic Glioma
C:\Users\HishamMo\Desktop\999_cs\Quantum_Inpired_PSO_Classifcation\MRI_dataset\Optic Glioma\Optic_Glioma469.jpg,Optic Glioma
C:\Users\HishamMo\Desktop\999_cs\Quantum_Inpired_PSO_Classifcation\MRI_dataset\Optic Glioma\Optic_Glioma470.jpg,Optic Glioma
C:\Users\HishamMo\Desktop\999_cs\Quantum_Inpired_PSO_Classifcation\MRI_dataset\Optic Glioma\Optic_Glioma471.jpg,Optic Glioma
C:\Users\HishamMo\Desktop\999_cs\Quantum_Inpired_PSO_Classifcation\MRI_dataset\Optic Glioma\Optic_Glioma472.jpg,Optic Glioma
C:\Users\HishamMo\Desktop\999_cs\Quantum_Inpired_PSO_Classifcation\MRI_dataset\Optic Glioma\Optic_Glioma473.jpg,Optic Glioma
C:\Users\HishamMo\Desktop\999_cs\Quantum_Inpired_PSO_Classifcation\MRI_dataset\Optic Glioma\Optic_Glioma474.jpg,Optic Glioma
C:\Users\HishamMo\Desktop\999_cs\Quantum_Inpired_PSO_Classifcation\MRI_dataset\Optic Glioma\Optic_Glioma475.jpg,Optic Glioma
C:\Users\HishamMo\Desktop\999_cs\Quantum_Inpired_PSO_Classifcation\MRI_dataset\Optic Glioma\Optic_Glioma476.jpg,Optic Glioma
C:\Users\HishamMo\Desktop\999_cs\Quantum_Inpired_PSO_Classifcation\MRI_dataset\Optic Glioma\Optic_Glioma477.jpg,Optic Glioma
C:\Users\HishamMo\Desktop\999_cs\Quantum_Inpired_PSO_Classifcation\MRI_dataset\Optic Glioma\Optic_Glioma478.jpg,Optic Glioma
C:\Users\HishamMo\Desktop\999_cs\Quantum_Inpired_PSO_Classifcation\MRI_dataset\Optic Glioma\Optic_Glioma479.jpg,Optic Glioma
C:\Users\HishamMo\Desktop\999_cs\Quantum_Inpired_PSO_Classifcation\MRI_dataset\Optic Glioma\Optic_Glioma480.jpg,Optic Glioma
C:\Users\HishamMo\Desktop\999_cs\Quantum_Inpired_PSO_Classifcation\MRI_dataset\Optic Glioma\Optic_Glioma481.jpg,Optic Glioma
C:\Users\HishamMo\Desktop\999_cs\Quantum_Inpired_PSO_Classifcation\MRI_dataset\Optic Glioma\Optic_Glioma482.jpg,Optic Glioma
C:\Users\HishamMo\Desktop\999_cs\Quantum_Inpired_PSO_Classifcation\MRI_dataset\Optic Glioma\Optic_Glioma483.jpg,Optic Glioma
C:\Users\HishamMo\Desktop\999_cs\Quantum_Inpired_PSO_Classifcation\MRI_dataset\Optic Glioma\Optic_Glioma484.jpg,Optic Glioma
C:\Users\HishamMo\Desktop\999_cs\Quantum_Inpired_PSO_Classifcation\MRI_dataset\Optic Glioma\Optic_Glioma485.jpg,Optic Glioma
C:\Users\HishamMo\Desktop\999_cs\Quantum_Inpired_PSO_Classifcation\MRI_dataset\Optic Glioma\Optic_Glioma486.jpg,Optic Glioma
C:\Users\HishamMo\Desktop\999_cs\Quantum_Inpired_PSO_Classifcation\MRI_dataset\Optic Glioma\Optic_Glioma487.jpg,Optic Glioma
C:\Users\HishamMo\Desktop\999_cs\Quantum_Inpired_PSO_Classifcation\MRI_dataset\Optic Glioma\Optic_Glioma488.jpg,Optic Glioma
C:\Users\HishamMo\Desktop\999_cs\Quantum_Inpired_PSO_Classifcation\MRI_dataset\Optic Glioma\Optic_Glioma489.jpg,Optic Glioma
C:\Users\HishamMo\Desktop\999_cs\Quantum_Inpired_PSO_Classifcation\MRI_dataset\Optic Glioma\Optic_Glioma490.jpg,Optic Glioma
C:\Users\HishamMo\Desktop\999_cs\Quantum_Inpired_PSO_Classifcation\MRI_dataset\Optic Glioma\Optic_Glioma491.jpg,Optic Glioma
C:\Users\HishamMo\Desktop\999_cs\Quantum_Inpired_PSO_Classifcation\MRI_dataset\Optic Glioma\Optic_Glioma492.jpg,Optic Glioma
C:\Users\HishamMo\Desktop\999_cs\Quantum_Inpired_PSO_Classifcation\MRI_dataset\Optic Glioma\Optic_Glioma493.jpg,Optic Glioma
C:\Users\HishamMo\Desktop\999_cs\Quantum_Inpired_PSO_Classifcation\MRI_dataset\Optic Glioma\Optic_Glioma494.jpg,Optic Glioma
C:\Users\HishamMo\Desktop\999_cs\Quantum_Inpired_PSO_Classifcation\MRI_dataset\Optic Glioma\Optic_Glioma495.jpg,Optic Glioma
C:\Users\HishamMo\Desktop\999_cs\Quantum_Inpired_PSO_Classifcation\MRI_dataset\Optic Glioma\Optic_Glioma496.jpg,Optic Glioma
